place(5.939, 1.037, -33.934, "Shotgunner", 500)
upgrade(5.939, 2.387, -33.934, 200)
place(6.657, 1.037, -31.687, "Shotgunner", 487)
upgrade(6.657, 2.387, -31.687, 187)
place(5.256, 1.000, -36.666, "Shotgunner", 608)
upgrade(5.256, 2.350, -36.666, 326)
upgrade(5.256, 2.350, -36.666, 176)
place(-1.518, 1.000, -36.895, "Shotgunner", 654)
upgrade(-1.518, 2.350, -36.895, 354)
place(-1.211, 1.037, -33.430, "Shotgunner", 952)
upgrade(-1.211, 2.387, -33.430, 652)
place(-0.783, 1.037, -31.159, "Shotgunner", 537)
upgrade(-0.783, 2.387, -31.159, 272)
place(7.638, 1.037, -35.896, "Trapper", 1008)
SetTarget(7.638, 2.387, -35.896, "Last")
SetTarget(7.638, 2.387, -35.896, "Strongest")
place(9.502, 1.037, -30.307, "Trapper", 668)
SetTarget(9.502, 2.387, -30.307, "Last")
SetTarget(9.502, 2.387, -30.307, "Strongest")
upgrade(5.256, 2.350, -36.666, 1147)
upgrade(-1.518, 2.350, -36.895, 1238)
upgrade(-1.211, 2.387, -33.430, 1636)
upgrade(5.939, 2.387, -33.934, 967)
upgrade(-0.783, 2.387, -31.159, 1493)
upgrade(6.657, 2.387, -31.687, 1183)
upgrade(5.256, 2.350, -36.666, 3559)
SetTarget(5.256, 2.350, -36.666, "Last")
SetTarget(5.256, 2.350, -36.666, "Strongest")
upgrade(5.939, 2.387, -33.934, 4092)
upgrade(-1.518, 2.350, -36.895, 2769)
