place(5.586, 1.037, -33.585, "Shotgunner", 500)
upgrade(5.586, 2.387, -33.585, 200)
place(5.700, 1.000, -36.483, "Shotgunner", 374)
upgrade(5.700, 2.350, -36.483, 473)
place(5.998, 1.037, -30.803, "Shotgunner", 323)
upgrade(5.998, 2.387, -30.803, 549)
place(-1.363, 1.000, -36.850, "Shotgunner", 419)
upgrade(-1.363, 2.350, -36.850, 159)
place(-1.337, 1.037, -33.940, "Shotgunner", 697)
upgrade(-1.337, 2.387, -33.940, 397)
place(-0.997, 1.037, -31.637, "Shotgunner", 352)
upgrade(-0.997, 2.387, -31.637, 700)
place(9.058, 1.037, -29.987, "Trapper", 858)
SetTarget(9.058, 2.387, -29.987, "Last")
SetTarget(9.058, 2.387, -29.987, "Strongest")
upgrade(5.700, 2.350, -36.483, 1392)
upgrade(-1.363, 2.350, -36.850, 1474)
upgrade(-1.337, 2.387, -33.940, 1009)
upgrade(5.586, 2.387, -33.585, 1203)
upgrade(5.998, 2.387, -30.803, 1725)
upgrade(-0.997, 2.387, -31.637, 1462)
upgrade(-0.997, 2.387, -31.637, 4667)
